{
  "config_id": "RV2-D2",
  "noise_id": "IBM-QPU",
  "algorithm": "RANDOM-VOLUMETRIC",
  "execution_type": "IBM_QPU",
  "saved_at": "2026-06-17T10:53:14.077356",
  "batch_id": "a274c0f2-e99d-4994-a572-7c52b3d2cf10",
  "backend_name": "ibm_fez",
  "status": "completed",
  "config": {
    "config_id": "RV2-D2",
    "num_qubits": 2,
    "depth": 2,
    "depth_multiplier": 1.0,
    "seed": 42,
    "search_space": 4,
    "classical_random_prob": 0.25,
    "theoretical_success": 1.0,
    "expected_outcome": "00",
    "description": "2 qubits, depth 2 (1x n)"
  },
  "batch_summary": {
    "config_id": "RV2-D2",
    "noise_model": "IBM-QPU",
    "backend_name": "ibm_fez",
    "num_runs": 2,
    "shots_per_run": 1024,
    "backend_type": "qpu",
    "mean_success_rate": 0.9443359375,
    "std_success_rate": 0.005524271728019903,
    "min_success_rate": 0.9404296875,
    "max_success_rate": 0.9482421875,
    "median_success_rate": 0.9443359375,
    "mean_quantum_advantage_ratio": 3.77734375,
    "quantum_advantage_demonstrated": true,
    "analysis": {
      "config_id": "RV2-D2",
      "noise_model": "IBM-QPU",
      "num_runs": 2,
      "mean": 0.9443359375,
      "std": 0.005524271728019903,
      "median": 0.9443359375,
      "min": 0.9404296875,
      "max": 0.9482421875,
      "ci_lower": 0.9366796875,
      "ci_upper": 0.9519921875,
      "skewness": 0.0,
      "kurtosis": -2.75,
      "is_normal": true
    }
  },
  "individual_results": [
    {
      "experiment_id": "RV2-D2_IBM-QPU_002",
      "config_id": "RV2-D2",
      "noise_model": "IBM-QPU",
      "optimization_level": 2,
      "job_id": "d8pc5muab0ds73dostf0",
      "timestamp": "2026-06-17T10:53:14.077202",
      "num_qubits": 2,
      "circuit_depth": 5,
      "total_gates": 6,
      "transpiled_depth": 77,
      "qward_metrics": {
        "QiskitMetrics": {
          "basic_metrics.depth": 5,
          "basic_metrics.width": 4,
          "basic_metrics.size": 6,
          "basic_metrics.num_qubits": 2,
          "basic_metrics.num_clbits": 2,
          "basic_metrics.num_ancillas": 0,
          "basic_metrics.num_parameters": 0,
          "basic_metrics.has_calibrations": false,
          "basic_metrics.has_layout": false,
          "basic_metrics.count_ops.unitary": 4,
          "basic_metrics.count_ops.barrier": 4,
          "basic_metrics.count_ops.measure": 2,
          "instruction_metrics.num_connected_components": 1,
          "instruction_metrics.num_nonlocal_gates": 4,
          "instruction_metrics.num_tensor_factors": 1,
          "instruction_metrics.num_unitary_factors": 1,
          "instruction_metrics.instructions.unitary": [
            "CircuitInstruction(operation=Instruction(name='unitary', num_qubits=2, num_clbits=0, params=[array([[-0.13595418+0.41233977j, -0.01774635+0.11857311j,\n        -0.04234515-0.00830773j,  0.88773772-0.08472j   ],\n       [ 0.15431568+0.04313108j,  0.80587525-0.11805667j,\n         0.25063319-0.47044662j,  0.05765773+0.1532731j ],\n       [ 0.3975928 -0.4976237j ,  0.00766591-0.2248837j ,\n         0.44178894+0.46234411j,  0.35610561+0.08892931j],\n       [-0.53013861-0.31474186j,  0.52025783+0.03087921j,\n        -0.3275867 +0.44468894j,  0.04035505-0.20390941j]])]), qubits=(<Qubit register=(2, \"q\"), index=1>, <Qubit register=(2, \"q\"), index=0>), clbits=())",
            "CircuitInstruction(operation=Instruction(name='unitary', num_qubits=2, num_clbits=0, params=[array([[-0.68802445-0.22032528j, -0.14233992+0.63266954j,\n        -0.23021321-0.05494887j,  0.03548267+0.01646849j],\n       [ 0.24243127+0.28394889j, -0.46824661+0.34960542j,\n         0.13304523+0.38930721j,  0.08946631-0.58468446j],\n       [ 0.19403961+0.54010834j, -0.33439532+0.21360682j,\n        -0.15946047-0.62816016j, -0.16146797+0.25903431j],\n       [ 0.08834087+0.03881672j, -0.06252015+0.27682647j,\n         0.57308752+0.16210872j,  0.46693675+0.5808692j ]])]), qubits=(<Qubit register=(2, \"q\"), index=0>, <Qubit register=(2, \"q\"), index=1>), clbits=())",
            "CircuitInstruction(operation=Instruction(name='unitary', num_qubits=2, num_clbits=0, params=[array([[-0.68802445+0.22032528j,  0.24243127-0.28394889j,\n         0.19403961-0.54010834j,  0.08834087-0.03881672j],\n       [-0.14233992-0.63266954j, -0.46824661-0.34960542j,\n        -0.33439532-0.21360682j, -0.06252015-0.27682647j],\n       [-0.23021321+0.05494887j,  0.13304523-0.38930721j,\n        -0.15946047+0.62816016j,  0.57308752-0.16210872j],\n       [ 0.03548267-0.01646849j,  0.08946631+0.58468446j,\n        -0.16146797-0.25903431j,  0.46693675-0.5808692j ]])]), qubits=(<Qubit register=(2, \"q\"), index=0>, <Qubit register=(2, \"q\"), index=1>), clbits=())",
            "CircuitInstruction(operation=Instruction(name='unitary', num_qubits=2, num_clbits=0, params=[array([[-0.13595418-0.41233977j,  0.15431568-0.04313108j,\n         0.3975928 +0.4976237j , -0.53013861+0.31474186j],\n       [-0.01774635-0.11857311j,  0.80587525+0.11805667j,\n         0.00766591+0.2248837j ,  0.52025783-0.03087921j],\n       [-0.04234515+0.00830773j,  0.25063319+0.47044662j,\n         0.44178894-0.46234411j, -0.3275867 -0.44468894j],\n       [ 0.88773772+0.08472j   ,  0.05765773-0.1532731j ,\n         0.35610561-0.08892931j,  0.04035505+0.20390941j]])]), qubits=(<Qubit register=(2, \"q\"), index=1>, <Qubit register=(2, \"q\"), index=0>), clbits=())"
          ],
          "instruction_metrics.instructions.barrier": [
            "CircuitInstruction(operation=Instruction(name='barrier', num_qubits=2, num_clbits=0, params=[]), qubits=(<Qubit register=(2, \"q\"), index=0>, <Qubit register=(2, \"q\"), index=1>), clbits=())",
            "CircuitInstruction(operation=Instruction(name='barrier', num_qubits=2, num_clbits=0, params=[]), qubits=(<Qubit register=(2, \"q\"), index=0>, <Qubit register=(2, \"q\"), index=1>), clbits=())",
            "CircuitInstruction(operation=Instruction(name='barrier', num_qubits=2, num_clbits=0, params=[]), qubits=(<Qubit register=(2, \"q\"), index=0>, <Qubit register=(2, \"q\"), index=1>), clbits=())",
            "CircuitInstruction(operation=Instruction(name='barrier', num_qubits=2, num_clbits=0, params=[]), qubits=(<Qubit register=(2, \"q\"), index=0>, <Qubit register=(2, \"q\"), index=1>), clbits=())"
          ],
          "instruction_metrics.instructions.measure": [
            "CircuitInstruction(operation=Instruction(name='measure', num_qubits=1, num_clbits=1, params=[]), qubits=(<Qubit register=(2, \"q\"), index=0>,), clbits=(<Clbit register=(2, \"c\"), index=0>,))",
            "CircuitInstruction(operation=Instruction(name='measure', num_qubits=1, num_clbits=1, params=[]), qubits=(<Qubit register=(2, \"q\"), index=1>,), clbits=(<Clbit register=(2, \"c\"), index=1>,))"
          ],
          "scheduling_metrics.is_scheduled": false,
          "scheduling_metrics.layout": null,
          "scheduling_metrics.op_start_times": null,
          "scheduling_metrics.qubit_duration": null,
          "scheduling_metrics.qubit_start_time": null,
          "scheduling_metrics.qubit_stop_time": null
        },
        "ComplexityMetrics": {
          "gate_based_metrics.gate_count": 6.0,
          "gate_based_metrics.circuit_depth": 5.0,
          "gate_based_metrics.t_count": 0.0,
          "gate_based_metrics.cnot_count": 0.0,
          "gate_based_metrics.two_qubit_count": 0.0,
          "gate_based_metrics.multi_qubit_ratio": 0.0,
          "entanglement_metrics.entangling_gate_density": 0.0,
          "entanglement_metrics.entangling_width": 1.0,
          "standardized_metrics.circuit_volume": 10.0,
          "standardized_metrics.gate_density": 1.0,
          "standardized_metrics.clifford_ratio": 0.0,
          "standardized_metrics.non_clifford_ratio": 1.0,
          "advanced_metrics.parallelism_factor": 1.2,
          "advanced_metrics.parallelism_efficiency": 0.6,
          "advanced_metrics.circuit_efficiency": 0.6,
          "advanced_metrics.quantum_resource_utilization": 0.87,
          "derived_metrics.square_ratio": 0.4,
          "derived_metrics.weighted_complexity": 50.0,
          "derived_metrics.normalized_weighted_complexity": 25.0
        },
        "StructuralMetrics": {
          "loc_phi1_total_loc": 10.0,
          "loc_phi2_gate_loc": 4.0,
          "loc_phi3_measure_loc": 2.0,
          "loc_phi4_quantum_total_loc": 6.0,
          "loc_phi5_num_qubits": 2.0,
          "loc_phi6_num_gate_types": 1.0,
          "unique_operators": 2.0,
          "unique_operands": 4.0,
          "total_operators": 6.0,
          "total_operands": 12.0,
          "program_length": 18.0,
          "vocabulary": 6.0,
          "estimated_length": 10.0,
          "volume": 46.529325012980806,
          "difficulty": 3.0,
          "effort": 139.58797503894243,
          "width": 2.0,
          "depth": 5.0,
          "max_dens": 2.0,
          "avg_dens": 1.1111111111111112,
          "size": 10.0
        },
        "BehavioralMetrics": {
          "normalized_depth": 61.0,
          "program_communication": 1.0,
          "critical_depth": 1.0,
          "measurement": 0.1111111111111111,
          "liveness": 0.5555555555555556,
          "parallelism": 0.0
        },
        "ElementMetrics": {
          "no_p_x": 0.0,
          "no_p_y": 0.0,
          "no_p_z": 0.0,
          "t_no_p": 0.0,
          "no_h": 0.0,
          "percent_sppos_q": 0.0,
          "no_other_sg": 0.0,
          "t_no_csqg": 0.0,
          "t_no_sqg": 0.0,
          "no_c_or": 0.0,
          "no_c_any_g": 0.0,
          "no_swap": 0.0,
          "no_cnot": 0.0,
          "percent_q_in_cnot": 0.0,
          "avg_cnot": 0.0,
          "max_cnot": 0.0,
          "no_toff": 0.0,
          "percent_q_in_toff": 0.0,
          "avg_toff": 0.0,
          "max_toff": 0.0,
          "no_gates": 4.0,
          "no_c_gates": 0.0,
          "percent_single_gates": 0.0,
          "no_or": 4.0,
          "percent_q_in_or": 1.0,
          "percent_q_in_c_or": 0.0,
          "avg_or_d": 2.0,
          "max_or_d": 2.0,
          "no_qm": 2.0,
          "percent_qm": 1.0,
          "percent_anc": 0.0
        }
      },
      "backend_type": "qpu",
      "backend_name": "ibm_fez",
      "shots": 1024,
      "counts": {
        "00": 963,
        "01": 20,
        "11": 11,
        "10": 30
      },
      "status": "DONE",
      "error": null,
      "success_rate": 0.9404296875,
      "success_count": 963,
      "depth": 2,
      "depth_multiplier": 1.0,
      "random_chance": 0.25,
      "advantage_ratio": 3.76171875,
      "quantum_advantage": true,
      "threshold_30": true,
      "threshold_50": true,
      "threshold_70": true,
      "threshold_90": true
    },
    {
      "experiment_id": "RV2-D2_IBM-QPU_003",
      "config_id": "RV2-D2",
      "noise_model": "IBM-QPU",
      "optimization_level": 3,
      "job_id": "d8pc5n6ab0ds73dostgg",
      "timestamp": "2026-06-17T10:53:14.077229",
      "num_qubits": 2,
      "circuit_depth": 5,
      "total_gates": 6,
      "transpiled_depth": 77,
      "qward_metrics": {
        "QiskitMetrics": {
          "basic_metrics.depth": 5,
          "basic_metrics.width": 4,
          "basic_metrics.size": 6,
          "basic_metrics.num_qubits": 2,
          "basic_metrics.num_clbits": 2,
          "basic_metrics.num_ancillas": 0,
          "basic_metrics.num_parameters": 0,
          "basic_metrics.has_calibrations": false,
          "basic_metrics.has_layout": false,
          "basic_metrics.count_ops.unitary": 4,
          "basic_metrics.count_ops.barrier": 4,
          "basic_metrics.count_ops.measure": 2,
          "instruction_metrics.num_connected_components": 1,
          "instruction_metrics.num_nonlocal_gates": 4,
          "instruction_metrics.num_tensor_factors": 1,
          "instruction_metrics.num_unitary_factors": 1,
          "instruction_metrics.instructions.unitary": [
            "CircuitInstruction(operation=Instruction(name='unitary', num_qubits=2, num_clbits=0, params=[array([[-0.13595418+0.41233977j, -0.01774635+0.11857311j,\n        -0.04234515-0.00830773j,  0.88773772-0.08472j   ],\n       [ 0.15431568+0.04313108j,  0.80587525-0.11805667j,\n         0.25063319-0.47044662j,  0.05765773+0.1532731j ],\n       [ 0.3975928 -0.4976237j ,  0.00766591-0.2248837j ,\n         0.44178894+0.46234411j,  0.35610561+0.08892931j],\n       [-0.53013861-0.31474186j,  0.52025783+0.03087921j,\n        -0.3275867 +0.44468894j,  0.04035505-0.20390941j]])]), qubits=(<Qubit register=(2, \"q\"), index=1>, <Qubit register=(2, \"q\"), index=0>), clbits=())",
            "CircuitInstruction(operation=Instruction(name='unitary', num_qubits=2, num_clbits=0, params=[array([[-0.68802445-0.22032528j, -0.14233992+0.63266954j,\n        -0.23021321-0.05494887j,  0.03548267+0.01646849j],\n       [ 0.24243127+0.28394889j, -0.46824661+0.34960542j,\n         0.13304523+0.38930721j,  0.08946631-0.58468446j],\n       [ 0.19403961+0.54010834j, -0.33439532+0.21360682j,\n        -0.15946047-0.62816016j, -0.16146797+0.25903431j],\n       [ 0.08834087+0.03881672j, -0.06252015+0.27682647j,\n         0.57308752+0.16210872j,  0.46693675+0.5808692j ]])]), qubits=(<Qubit register=(2, \"q\"), index=0>, <Qubit register=(2, \"q\"), index=1>), clbits=())",
            "CircuitInstruction(operation=Instruction(name='unitary', num_qubits=2, num_clbits=0, params=[array([[-0.68802445+0.22032528j,  0.24243127-0.28394889j,\n         0.19403961-0.54010834j,  0.08834087-0.03881672j],\n       [-0.14233992-0.63266954j, -0.46824661-0.34960542j,\n        -0.33439532-0.21360682j, -0.06252015-0.27682647j],\n       [-0.23021321+0.05494887j,  0.13304523-0.38930721j,\n        -0.15946047+0.62816016j,  0.57308752-0.16210872j],\n       [ 0.03548267-0.01646849j,  0.08946631+0.58468446j,\n        -0.16146797-0.25903431j,  0.46693675-0.5808692j ]])]), qubits=(<Qubit register=(2, \"q\"), index=0>, <Qubit register=(2, \"q\"), index=1>), clbits=())",
            "CircuitInstruction(operation=Instruction(name='unitary', num_qubits=2, num_clbits=0, params=[array([[-0.13595418-0.41233977j,  0.15431568-0.04313108j,\n         0.3975928 +0.4976237j , -0.53013861+0.31474186j],\n       [-0.01774635-0.11857311j,  0.80587525+0.11805667j,\n         0.00766591+0.2248837j ,  0.52025783-0.03087921j],\n       [-0.04234515+0.00830773j,  0.25063319+0.47044662j,\n         0.44178894-0.46234411j, -0.3275867 -0.44468894j],\n       [ 0.88773772+0.08472j   ,  0.05765773-0.1532731j ,\n         0.35610561-0.08892931j,  0.04035505+0.20390941j]])]), qubits=(<Qubit register=(2, \"q\"), index=1>, <Qubit register=(2, \"q\"), index=0>), clbits=())"
          ],
          "instruction_metrics.instructions.barrier": [
            "CircuitInstruction(operation=Instruction(name='barrier', num_qubits=2, num_clbits=0, params=[]), qubits=(<Qubit register=(2, \"q\"), index=0>, <Qubit register=(2, \"q\"), index=1>), clbits=())",
            "CircuitInstruction(operation=Instruction(name='barrier', num_qubits=2, num_clbits=0, params=[]), qubits=(<Qubit register=(2, \"q\"), index=0>, <Qubit register=(2, \"q\"), index=1>), clbits=())",
            "CircuitInstruction(operation=Instruction(name='barrier', num_qubits=2, num_clbits=0, params=[]), qubits=(<Qubit register=(2, \"q\"), index=0>, <Qubit register=(2, \"q\"), index=1>), clbits=())",
            "CircuitInstruction(operation=Instruction(name='barrier', num_qubits=2, num_clbits=0, params=[]), qubits=(<Qubit register=(2, \"q\"), index=0>, <Qubit register=(2, \"q\"), index=1>), clbits=())"
          ],
          "instruction_metrics.instructions.measure": [
            "CircuitInstruction(operation=Instruction(name='measure', num_qubits=1, num_clbits=1, params=[]), qubits=(<Qubit register=(2, \"q\"), index=0>,), clbits=(<Clbit register=(2, \"c\"), index=0>,))",
            "CircuitInstruction(operation=Instruction(name='measure', num_qubits=1, num_clbits=1, params=[]), qubits=(<Qubit register=(2, \"q\"), index=1>,), clbits=(<Clbit register=(2, \"c\"), index=1>,))"
          ],
          "scheduling_metrics.is_scheduled": false,
          "scheduling_metrics.layout": null,
          "scheduling_metrics.op_start_times": null,
          "scheduling_metrics.qubit_duration": null,
          "scheduling_metrics.qubit_start_time": null,
          "scheduling_metrics.qubit_stop_time": null
        },
        "ComplexityMetrics": {
          "gate_based_metrics.gate_count": 6.0,
          "gate_based_metrics.circuit_depth": 5.0,
          "gate_based_metrics.t_count": 0.0,
          "gate_based_metrics.cnot_count": 0.0,
          "gate_based_metrics.two_qubit_count": 0.0,
          "gate_based_metrics.multi_qubit_ratio": 0.0,
          "entanglement_metrics.entangling_gate_density": 0.0,
          "entanglement_metrics.entangling_width": 1.0,
          "standardized_metrics.circuit_volume": 10.0,
          "standardized_metrics.gate_density": 1.0,
          "standardized_metrics.clifford_ratio": 0.0,
          "standardized_metrics.non_clifford_ratio": 1.0,
          "advanced_metrics.parallelism_factor": 1.2,
          "advanced_metrics.parallelism_efficiency": 0.6,
          "advanced_metrics.circuit_efficiency": 0.6,
          "advanced_metrics.quantum_resource_utilization": 0.87,
          "derived_metrics.square_ratio": 0.4,
          "derived_metrics.weighted_complexity": 50.0,
          "derived_metrics.normalized_weighted_complexity": 25.0
        },
        "StructuralMetrics": {
          "loc_phi1_total_loc": 10.0,
          "loc_phi2_gate_loc": 4.0,
          "loc_phi3_measure_loc": 2.0,
          "loc_phi4_quantum_total_loc": 6.0,
          "loc_phi5_num_qubits": 2.0,
          "loc_phi6_num_gate_types": 1.0,
          "unique_operators": 2.0,
          "unique_operands": 4.0,
          "total_operators": 6.0,
          "total_operands": 12.0,
          "program_length": 18.0,
          "vocabulary": 6.0,
          "estimated_length": 10.0,
          "volume": 46.529325012980806,
          "difficulty": 3.0,
          "effort": 139.58797503894243,
          "width": 2.0,
          "depth": 5.0,
          "max_dens": 2.0,
          "avg_dens": 1.1111111111111112,
          "size": 10.0
        },
        "BehavioralMetrics": {
          "normalized_depth": 61.0,
          "program_communication": 1.0,
          "critical_depth": 1.0,
          "measurement": 0.1111111111111111,
          "liveness": 0.5555555555555556,
          "parallelism": 0.0
        },
        "ElementMetrics": {
          "no_p_x": 0.0,
          "no_p_y": 0.0,
          "no_p_z": 0.0,
          "t_no_p": 0.0,
          "no_h": 0.0,
          "percent_sppos_q": 0.0,
          "no_other_sg": 0.0,
          "t_no_csqg": 0.0,
          "t_no_sqg": 0.0,
          "no_c_or": 0.0,
          "no_c_any_g": 0.0,
          "no_swap": 0.0,
          "no_cnot": 0.0,
          "percent_q_in_cnot": 0.0,
          "avg_cnot": 0.0,
          "max_cnot": 0.0,
          "no_toff": 0.0,
          "percent_q_in_toff": 0.0,
          "avg_toff": 0.0,
          "max_toff": 0.0,
          "no_gates": 4.0,
          "no_c_gates": 0.0,
          "percent_single_gates": 0.0,
          "no_or": 4.0,
          "percent_q_in_or": 1.0,
          "percent_q_in_c_or": 0.0,
          "avg_or_d": 2.0,
          "max_or_d": 2.0,
          "no_qm": 2.0,
          "percent_qm": 1.0,
          "percent_anc": 0.0
        }
      },
      "backend_type": "qpu",
      "backend_name": "ibm_fez",
      "shots": 1024,
      "counts": {
        "00": 971,
        "11": 18,
        "10": 17,
        "01": 18
      },
      "status": "DONE",
      "error": null,
      "success_rate": 0.9482421875,
      "success_count": 971,
      "depth": 2,
      "depth_multiplier": 1.0,
      "random_chance": 0.25,
      "advantage_ratio": 3.79296875,
      "quantum_advantage": true,
      "threshold_30": true,
      "threshold_50": true,
      "threshold_70": true,
      "threshold_90": true
    }
  ],
  "backend_calibration": {
    "median_single_qubit_gate_error": 0.0002572024597108828,
    "median_two_qubit_gate_error": 0.0027240525532285786,
    "median_readout_error": 0.008056640625,
    "median_t1_us": 146.77176987793376,
    "median_t2_us": 104.93539217972776,
    "num_operational_qubits": 156,
    "backend_name": "ibm_fez",
    "calibration_timestamp": "2026-06-17T15:52:50.966639+00:00",
    "provider": "ibm"
  },
  "gate_error_characterization": {
    "per_opt_level": {
      "2": {
        "mean_single_qubit_error": 8.221664499819369e-05,
        "mean_two_qubit_error": 0.0018594275240622904,
        "max_error": 0.0018594275240622904,
        "weighted_mean_error": 0.00024883016491045277,
        "num_distinct_physical_qubits": 2,
        "physical_qubits_used": [
          22,
          23
        ]
      },
      "3": {
        "mean_single_qubit_error": 7.920479929043613e-05,
        "mean_two_qubit_error": 0.0018594275240622904,
        "max_error": 0.0018594275240622904,
        "weighted_mean_error": 0.0002461006797377975,
        "num_distinct_physical_qubits": 2,
        "physical_qubits_used": [
          22,
          23
        ]
      }
    }
  }
}